0.0 10.0 9.2 9.7 8.8 3.3 3.8 7.4 2.6 12.8 11.2 11.0 9.9 10.6 9.5
10.0 0.0 1.6 1.5 0.5 8.3 7.3 2.9 9.8 3.6 2.7 1.7 0.6 1.8 0.5
9.2 1.6 0.0 1.0 0.3 6.9 5.7 1.8 8.4 4.0 2.3 2.2 1.0 1.8 0.3
9.7 1.5 1.0 0.0 0.2 8.3 7.1 2.6 10.2 3.1 1.6 1.2 0.2 1.3 0.6
8.8 0.5 0.3 0.2 0.0 6.9 5.7 1.8 8.4 2.9 1.6 1.1 0.1 1.8 0.2
3.3 8.3 6.9 8.3 6.9 0.0 1.9 5.9 2.2 10.9 8.3 8.1 8.2 8.5 7.5
3.8 7.3 5.7 7.1 5.7 1.9 0.0 4.2 2.5 9.7 7.1 6.9 6.9 7.2 6.3
7.4 2.9 1.8 2.6 1.8 5.9 4.2 0.0 6.9 5.5 3.2 2.9 2.7 3.4 2.3
2.6 9.8 8.4 10.2 8.4 2.2 2.5 6.9 0.0 12.1 9.7 9.5 9.9 10.2 9.0
12.8 3.6 4.0 3.1 2.9 10.9 9.7 5.5 12.1 0.0 5.0 3.8 2.9 4.1 3.3
11.2 2.7 2.3 1.6 1.6 8.3 7.1 3.2 9.7 5.0 0.0 0.9 1.7 0.5 1.8
11.0 1.7 2.2 1.2 1.1 8.1 6.9 2.9 9.5 3.8 0.9 0.0 1.0 0.3 0.7
9.9 0.6 1.0 0.2 0.1 8.2 6.9 2.7 9.9 2.9 1.7 1.0 0.0 1.2 0.4
10.6 1.8 1.8 1.3 1.8 8.5 7.2 3.4 10.2 4.1 0.5 0.3 1.2 0.0 1.5
9.5 0.5 0.3 0.6 0.2 7.5 6.3 2.3 9.0 3.3 1.8 0.7 0.4 1.5 0.0
